0 0 14 4 25
0 190 1 15 9
0 234 32 6 34 2 8
0 550 3 18 15
0 805 1
0 851 3
0 1022 1
0 1105 2
0 1136 6
0 1248 24
0 1408 25 27 1
0 1454 34
0 1551 17
0 1590 1 9 5
0 1707 6
0 1909 18 8 88 2 14
0 1992 41
0 2105 2 6 12
0 2186 1
0 2244 24 6 36
0 2298 54
0 2328 2
0 2340 50 3 1 26 14
0 2488 18 5 1
0 2800 35 36 12 21 33 2 22
0 2963 15
0 3214 5 2 13 35 8 16 16 20 25 5 15 50 2 10 3
0 3308 32 9 25
0 3340 21
0 3354 13 20 9
0 3356 35
0 3435 24
0 3528 18 2 19 11 4
0 3616 8
0 3849 37 41 2 17 14
0 3928 31
0 4085 40 1 1
0 4507 3 19 42
0 4757 6
0 4776 10 34 1 10 6
0 4794 9 13 50
0 5054 8
0 5513 1
0 5564 18 24 68
0 5651 4
0 5666 11 1 15
0 5843 12
0 6141 2 21 19
0 6333 21 16 2
0 6681 1
