0 0 22 23 14
0 74 14 14 11 36 8 2 10
0 241 4
0 321 2
0 381 7
0 659 3
0 679 19 2 3
0 1002 8 6 35 27 4
0 1278 2 2 3
0 1645 14
0 1646 7
0 1672 18 36 9
0 1745 3 8 5 11 1
0 2321 1
0 2387 30
0 3013 7
0 3108 10
0 3328 3 2 6
0 3420 18
0 3758 10 28 12
0 3988 29 38 3 2 34
0 4080 15 4 2
0 4219 11
0 4400 25
0 4415 23
0 4420 26 18 2
0 4536 30
0 4738 7
0 4791 1 10 2
0 4944 1 10 28
0 5004 3 12 9
0 5056 1
0 5085 2 2 20 4 31
0 5153 2
0 5347 4 3 2
0 5367 9
0 5538 50 36 15
0 5881 3 31 13 38 9
0 5974 28 25 9
0 6065 26 2 37
0 6122 32
0 6267 29 11 7
0 6279 6 13 5 84 18 5 11 2 9 15 1
0 6826 9
0 7034 31 7 29
0 7625 42
0 7753 8 13 19 1 36
0 7916 8 36 10 5 11 7 23
0 8049 9 39 20 10 14 1 8
0 8114 27 6 33 16 1
