0 0 21 7 35
0 66 2 29 2
0 220 24 14 10 5 8 23 4
0 523 2
0 634 2 14 21
0 905 10
0 1272 2 14 4
0 1415 23 1 11
0 1481 52 9 22 7 5 7 13
0 1514 19 27 2
0 1708 6
0 1912 22
0 1980 10
0 2029 21 14 43 17 23
0 2104 11 15 5
0 2105 9 55 10
0 2184 4 12 15
0 3039 27 47 28
0 3190 26
0 3229 10
0 3464 23 4 3
0 3789 8
0 3795 8 8 9 22 11
0 3893 4
0 3957 23
0 4018 7 14 43
0 4094 14 18 7
0 4331 11 2 16
0 4387 14 2 10
0 4412 23 20 7 3 19
0 4429 47 3 10
0 4620 3
0 5156 16 47 27
0 5356 23 88 23
0 5392 1
0 5839 42
0 6112 10
0 6439 24
0 6486 35
0 6541 7
0 6564 4 42 9
0 6610 1 11 18
0 6634 6
0 6813 5 10 1
0 6974 6
0 7048 2
0 7249 7 23 16
0 7313 44
0 7654 21 5 32
0 8438 32 11 22
